*    Marriage and divorce rates from VSUS us1950 
** Upper age limit extended to 1332 (111 years)
**************************************************
marriage 1 F single
14 0 0.0
20 0 0.006413
25 0 0.024467
30 0 0.013481
35 0 0.006978
45 0 0.002943
65 0 0.000711
0	1332 0.000079

marriage 1 F married
0	180	0.0
0	1332 0.0

marriage 1 F widowed
14 0 0.0
35 0 0.009775
45 0 0.004318
65 0 0.001746
0 1332 0.000663

marriage 1 F divorced
14 0 0.0
25 0 0.051226
35 0 0.027645
45 0 0.012456
65 0 0.004988
0 1332 0.001426

marriage 1 M single
14 0 0.0
20 0 0.001614
25 0 0.017457
30 0 0.016752
35 0 0.009326
45 0 0.004592
65 0 0.001916
0	1332 0.000929

marriage 1 M married
0	180	0.0
0	1332	0.0

marriage 1 M widowed
14 0 0.0
35 0 0.014385
45 0 0.011587
65 0 0.006666
0	1332 0.002274

marriage 1 M divorced
14 0 0.0
25 0 0.035870
35 0 0.039870
45 0 0.022670
65 0 0.010563
0 1332 0.003531

divorce 1 F married
1	0	0.0
0	360	0.00045
0	1332 0.0

divorce 1 M married
1	0	0.0
0	360 0.00045
0	1332 0.0